0.0
0.0
0.0
0.0
0.0
0.0
0.0
0.0
0.0
0.0
0.0
0.0
0.0
0.0
0.0
0.0
0.0
0.0
0.0
0.0
0.0
0.0
0.0
0.0
0.0
0.0
0.0
0.0
0.0
0.0
0.0
0.0
0.0
0.0
0.0
0.0
0.0
0.0
0.0
0.0
0.0
0.0
0.0
0.0
0.0
0.0
0.0
0.0
0.0
0.0
0.0
0.0
0.0
0.0
0.0
0.0
0.0
0.0
0.0
0.0
0.0
0.0
0.0
0.0
0.0
0.0
0.0
0.0
0.0
0.0
0.0
0.0
0.0
0.0
0.0
0.0
0.0
0.0
0.0
0.0
0.0
0.0
0.0
0.0
0.0
0.0
0.0
0.0
0.0
0.0
0.0
0.0
0.0
0.0
0.0
0.0
0.0
0.0
0.0
0.0
0.0
0.0
0.0
0.0
0.0
0.0
0.0
0.0
0.0
0.0
0.0
0.0
0.0
0.0
0.0
0.0
0.0
0.0
0.0
0.0
0.0
0.0
0.0
0.0
0.0
0.0
0.0
0.0
0.0
0.0
0.0
0.0
0.0
0.0
0.0
0.0
0.0
0.0
0.0
0.0
0.0
0.0
0.0
0.0
0.0
0.0
0.0
0.0
0.0
0.0
0.0
0.0
0.0
0.0
0.0
0.0
0.0
0.0
0.0
0.0
0.0
0.0
0.0
0.0
0.0
0.0
0.0
0.0
0.0
0.0
0.0
0.0
0.0
0.0
0.0
0.0
0.0
0.0
0.0
0.0
0.0
0.0
0.0
0.0
0.0
0.0
0.0
0.0
0.0
0.0
0.0
0.0
0.0
0.0
0.0
0.0
0.0
0.0
0.0
0.0
0.0
0.0
0.0
0.0
0.0
0.0
0.0
0.0
0.0
0.0
0.0
0.0
0.0
0.0
0.0
0.0
0.0
0.0
0.0
0.0
0.0
0.0
0.0
0.0
0.0
0.0
0.0
0.0
0.0
0.0
0.0
0.0
0.0
0.0
0.0
0.0
0.0
0.0
0.0
0.0
0.0
0.0
0.0
0.0
0.0
0.0
0.0
0.0
0.0
0.0
0.0
0.0
0.0
0.0
0.0
0.0
0.0
0.0
0.0
0.0
0.0
0.0
0.0
0.0
0.0
0.0
0.0
0.0
0.0
0.0
0.0
0.0
0.0
0.0
0.0
0.0
0.0
0.0
0.0
0.0
0.0
0.0
0.0
0.0
0.0
0.0
0.0
0.0
0.0
0.0
0.0
0.0
0.0
0.0
0.0
0.0
0.0
0.0
0.0
0.0
0.0
0.0
0.0
0.0
0.0
0.0
0.0
0.0
0.0
0.0
0.0
0.0
0.0
0.0
0.0
0.0
0.0
0.0
0.0
0.0
0.0
0.0
0.0
0.0
0.0
0.0
0.0
0.0
0.0
0.0
0.0
0.0
0.0
0.0
0.0
0.0
0.0
0.0
0.0
0.0
0.0
0.0
0.0
0.0
0.0
0.0
0.0
0.0
0.0
0.0
0.0
0.0
0.0
0.0
0.0
0.0
0.0
0.0
0.0
0.0
0.0
0.0
0.0
0.0
0.0
0.0
0.0
0.0
0.0
0.0
0.0
0.0
0.0
0.0
0.0
0.0
0.0
0.0
0.0
0.0
0.0
0.0
0.0
0.0
0.0
0.0
0.0
0.0
0.0
0.0
0.016682041068256104
0.016682041068256104
0.004026699568199232
0.16451943950073467
0.16451943950073467
0.06212622190936817
0.06212622190936817
-0.027611654181941614
-0.027611654181941614
-0.05062136600022682
-0.05062136600022682
0.09060074028449555
0.09060074028449555
0.26461168591027345
0.26461168591027345
0.189542501103119
0.189542501103119
0.03278883934105553
0.03278883934105553
0.18637866572810485
0.18637866572810485
0.3974927716608666
0.3974927716608666
0.4883811333430909
0.4883811333430909
0.30976824535365627
0.30976824535365627
0.13662016392106463
0.13662016392106463
0.15128885520522128
0.15128885520522128
0.2522439658079445
0.2522439658079445
0.15042599101203535
0.15042599101203535
0.03882888869335521
0.10900850973912318
0.10900850973912318
0.31264445933094215
0.31264445933094215
0.4043956852063524
0.4043956852063524
0.2019102212054476
0.2019102212054476
0.08110923415945298
0.08110923415945298
0.1901177438985765
0.1901177438985765
0.24073910989880232
0.24073910989880232
0.07535680620488189
0.07535680620488189
-0.01955825504554215
-0.01955825504554215
0.010354370318227835
0.010354370318227835
0.1231019582278225
0.1231019582278225
0.13316870714832174
0.13316870714832174
-0.05781190094344052
-0.05781190094344052
-0.08484831232992479
-0.08484831232992479
0.05062136600022599
0.06960437825031096
0.06960437825031096
-0.050908987397955074
-0.050908987397955074
-0.10095511060272389
-0.10095511060272389
-0.004889563761385662
-0.004889563761385662
0.17976337358034816
0.17976337358034816
0.09980462501180937
0.09980462501180937
-0.0687415140571252
-0.0687415140571252
-0.03393932493197005
-0.03393932493197005
0.07564442760261031
0.07564442760261031
0.049758501807040056
0.049758501807040056
-0.07535680620488239
-0.07535680620488239
-0.13374394994377925
-0.13374394994377925
-0.061838600511640085
-0.061838600511640085
0.05896238653435404
0.05896238653435404
-0.027899275579670035
-0.027899275579670035
-0.04832039481839778
0.035952674716069166
0.035952674716069166
0.18810439411447621
0.18810439411447621
0.26432406451254437
0.26432406451254437
0.04256796686382652
0.04256796686382652
-0.012367720102328117
-0.012367720102328117
0.12338957962555092
0.12338957962555092
0.22952187538738905
0.22952187538738905
0.08916263329585278
0.08916263329585278
-0.024447818806927812
-0.024447818806927812
0.09088836168222397
0.09088836168222397
0.19213109368267645
0.19213109368267645
0.15186409800067813
0.15186409800067813
0.025885925795570086
0.025885925795570086
0.05608617255706866
0.05608617255706866
0.2686383854784727
0.2686383854784727
0.2490801304329307
0.2490801304329307
0.11044661672776612
0.11044661672776612
0.03451456772742656
0.03451456772742656
0.12080098704599429
0.18925487970539057
0.18925487970539057
0.09060074028449555
0.09060074028449555
-0.0215716048296421
-0.0215716048296421
0.06270146470482518
0.06270146470482518
0.19673303604633302
0.19673303604633302
0.10498181017092345
0.10498181017092345
-0.02416019740919889
-0.02416019740919889
0.022722090420555785
0.022722090420555785
0.07765777738671042
0.07765777738671042
0.19903400722816172
0.19903400722816172
0.0647148144889248
0.0647148144889248
-0.026461168591027595
-0.026461168591027595
0.030200246761498573
0.030200246761498573
0.19673303604633302
0.19673303604633302
0.0949150612504237
0.0949150612504237
-0.006040049352300181
-0.006040049352300181
0.06557767868211073
0.2623107147284446
0.2623107147284446
0.31379494492185583
0.31379494492185583
0.1478373984324784
0.1478373984324784
0.06270146470482552
0.06270146470482552
0.1518640980006783
0.1518640980006783
0.2922233400922144
0.2922233400922144
0.18379007314854823
0.18379007314854823
-0.0008628641931855974
-0.0008628641931855974
0.12885438618239392
0.12885438618239392
0.2390133815124313
0.2390133815124313
0.22779614700101786
0.22779614700101786
0.04544418084111207
0.04544418084111207
0.054072822772968376
0.054072822772968376
0.21082648453503233
0.21082648453503233
0.0
0.03882888869335521
0.03882888869335521
-0.022722090420555785
-0.022722090420555785
-0.1745861884212344
-0.1745861884212344
-0.14007162069380769
-0.14007162069380769
0.03278883934105603
0.03278883934105603
0.25080585881930256
0.25080585881930256
0.2545449369897737
0.2545449369897737
0.18551580153491992
0.18551580153491992
0.35895150436524015
0.35895150436524015
0.5102403595704614
0.5102403595704614
0.4089976275700091
0.4089976275700091
0.27726702741033
0.27726702741033
0.4046833066040808
0.4046833066040808
0.550219733854731
0.550219733854731
0.5648884251388874
0.5648884251388874
0.3756335454334964
0.23441143914877463
0.23441143914877463
0.25166872301248816
0.25166872301248816
0.3267379078196415
0.3267379078196415
0.24476580946700288
0.24476580946700288
0.14007162069380777
0.14007162069380777
0.2689260068762015
0.2689260068762015
0.4679600141043634
0.4679600141043634
0.4023823354222523
0.4023823354222523
0.22204371904644668
0.22204371904644668
0.1745861884212345
0.1745861884212345
0.2697888710693873
0.2697888710693873
0.32213596545598455
0.32213596545598455
0.21140172733048992
0.21140172733048992
0.2157160482964184
0.2157160482964184
0.4089976275700091
0.4089976275700091
0.5965267788890288
0.5965267788890288
0.4912573473203766
0.4912573473203766
0.2982633894445144
0.21772939808051836
0.21772939808051836
0.23469906054650314
0.23469906054650314
0.21772939808051828
0.21772939808051828
0.12770390059147982
0.12770390059147982
0.17717478100079162
0.17717478100079162
0.42567966863826545
0.42567966863826545
0.5525207050365594
0.5525207050365594
0.43114447519510807
0.43114447519510807
0.2712269780580304
0.2712269780580304
0.370743981672111
0.370743981672111
0.5617245897638734
0.5617245897638734
0.5093774953772758
0.5093774953772758
0.2896347475126578
0.2896347475126578
0.3652791751152684
0.3652791751152684
0.5795571164230437
0.5795571164230437
0.5159927875250325
0.5159927875250325
0.4159005411154947
0.4159005411154947
0.16682041068256354
0.05090898739795491
0.05090898739795491
0.07017962104576797
0.07017962104576797
-0.012080098704599362
-0.012080098704599362
-0.12396482242100826
-0.12396482242100826
-0.02387257601147047
-0.02387257601147047
0.2220437190464466
0.2220437190464466
0.3068920313763711
0.3068920313763711
0.2312476037737605
0.2312476037737605
0.1400716206938076
0.1400716206938076
0.2959624182626859
0.2959624182626859
0.2352743033419603
0.2352743033419603
0.1291420075801226
0.1291420075801226
0.026748789988756017
0.026748789988756017
0.09060074028449555
0.09060074028449555
0.2496553732283882
0.2496553732283882
0.24994299462611688
0.24994299462611688
0.07248059222759651
0.07248059222759651
0.014956312681885242
0.18867963690993397
0.18867963690993397
0.1251153080119227
0.1251153080119227
0.02991262536377015
0.02991262536377015
-0.042280345466097935
-0.042280345466097935
0.05263471578432627
0.05263471578432627
0.21830464087597554
0.21830464087597554
0.16279371111436372
0.16279371111436372
0.0020133497840999492
0.0020133497840999492
0.03250121794332694
0.03250121794332694
0.15416506918250691
0.15416506918250691
0.16710803208029204
0.16710803208029204
0.04688228782975484
0.04688228782975484
-0.0543604441706973
-0.0543604441706973
0.056661415352526
0.056661415352526
0.10181797479590948
0.10181797479590948
-0.008053399136399464
-0.008053399136399464
0.003739078170471477
0.003739078170471477
0.14496118445519326
0.2853204265467294
0.2853204265467294
0.31638353750141357
0.31638353750141357
0.16135560412572103
0.16135560412572103
0.15215171939840705
0.15215171939840705
0.26576217150118747
0.26576217150118747
0.4610571005588782
0.4610571005588782
0.3966299074676812
0.3966299074676812
0.1981711430349763
0.1981711430349763
0.3051663029899998
0.3051663029899998
0.433157824979208
0.433157824979208
0.5249090508546179
0.5249090508546179
0.273815570637587
0.0
0.0
0.00402669956819969
0.00402669956819969
-0.05809952234116861
-0.05809952234116861
-0.1354696783301507
-0.1354696783301507
-0.07593204900033915
-0.07593204900033915
0.12252671543236557
0.12252671543236557
0.4340206891723936
0.4340206891723936
0.4334454463769365
0.4334454463769365
0.2499429946261167
0.2499429946261167
0.28589566934218635
0.28589566934218635
0.4343083105701222
0.4343083105701222
0.5168556517182183
0.5168556517182183
0.22405706883054646
0.22405706883054646
0.1627937111143637
0.3175340230923277
0.3175340230923277
0.21859226227370387
0.21859226227370387
0.060112872125268516
0.060112872125268516
0.040554617079726615
0.040554617079726615
0.1754490526144202
0.1754490526144202
0.36412868952435407
0.36412868952435407
0.34917237684246905
0.34917237684246905
0.1392087565006219
0.1392087565006219
0.20075973561453334
0.20075973561453334
0.36901825328573956
0.36901825328573956
0.33191509297875565
0.33191509297875565
0.2729527064444013
0.2729527064444013
0.24045148850107428
0.24045148850107428
0.3980680144563239
0.3980680144563239
0.4745753062521203
0.36815538909255385
0.36815538909255385
0.2850328051490007
0.2850328051490007
0.3997937428426952
0.3997937428426952
0.5361262853660316
0.5361262853660316
0.4581808865815924
0.4581808865815924
0.14323545606882174
0.14323545606882174
0.2410267312965314
0.2410267312965314
0.38109835199033903
0.38109835199033903
0.40008136424042384
0.40008136424042384
0.28186896977398657
0.28186896977398657
0.19184347228494797
0.19184347228494797
0.33996849211515523
0.33996849211515523
0.4722743350702918
0.4722743350702918
0.46105710055887794
0.46105710055887794
0.1719975958416775
0.1719975958416775
0.2499429946261167
0.2499429946261167
0.3741954384448536
0.3741954384448536
0.3741954384448536
0.2663374142966444
0.2663374142966444
0.2571335295693306
0.2571335295693306
0.42654253283145105
0.42654253283145105
0.41216146294502326
0.41216146294502326
0.3437075702856265
0.3437075702856265
0.14352307746655033
0.14352307746655033
0.23498668194423164
0.23498668194423164
0.3612524755470685
0.3612524755470685
0.34313232749016936
0.34313232749016936
0.09520268264815263
0.09520268264815263
0.09520268264815263
0.09520268264815263
0.21974274786461806
0.21974274786461806
0.08829976910266718
0.08829976910266718
0.002588592579557042
0.002588592579557042
-0.07363107781851078
-0.07363107781851078
0.027324032784212984
0.027324032784212984
0.16912138186439196
0.16912138186439196
0.07938350577308191
-0.10584467436410905
-0.10584467436410905
-0.02300971181828458
-0.02300971181828458
0.14812501983020726
0.14812501983020726
0.008341020534128094
0.008341020534128094
-0.07506918480715363
-0.07506918480715363
-0.12856676478466533
-0.12856676478466533
-0.07650729179579632
-0.07650729179579632
0.011217234511413807
0.011217234511413807
-0.08542355512538163
-0.08542355512538163
-0.1291420075801225
-0.1291420075801225
-0.08973787609130995
-0.08973787609130995
0.1475497770347501
0.1475497770347501
0.03940413148881247
0.03940413148881247
-0.06816627126166819
-0.06816627126166819
-0.0857111765231103
-0.0857111765231103
0.05637379395479737
0.05637379395479737
0.015243934079613622
0.015243934079613622
0.0046019423636569495
0.0046019423636569495
-0.08628641931856731
0.0790958843753534
0.0790958843753534
0.14438594165973595
0.14438594165973595
0.09577792544360976
0.09577792544360976
0.03997937428426948
0.03997937428426948
0.14381069886427886
0.14381069886427886
0.3126444593309422
0.3126444593309422
0.2784175130012439
0.2784175130012439
0.2183046408759753
0.2183046408759753
0.2321104679669461
0.2321104679669461
0.4449503022860788
0.4449503022860788
0.42395394025189403
0.42395394025189403
0.4245291830473512
0.4245291830473512
0.226933282807832
0.226933282807832
0.4081347633768234
0.4081347633768234
0.513116573547747
0.513116573547747
0.4115862201495661
0.4115862201495661
0.0
0.0
0.14294783467109323
0.14294783467109323
0.09635316823906698
0.09635316823906698
0.0494708804093118
0.0494708804093118
-0.05925000793208279
-0.05925000793208279
0.004889563761385662
0.1538774477847785
0.1538774477847785
0.25310683000113093
0.25310683000113093
0.32328645104689874
0.32328645104689874
0.36441631092208265
0.36441631092208265
0.2798556199898865
0.2798556199898865
0.2076626491600187
0.2076626491600187
0.2899223689103862
0.2899223689103862
0.3773592738198678
0.3773592738198678
0.443512195297436
0.443512195297436
0.2280837683987461
0.2280837683987461
0.06931675685258254
0.06931675685258254
0.19126822948949085
0.19126822948949085
0.36067723275161134
0.36067723275161134
0.41158622014956603
0.41158622014956603
0.1832148303530913
0.1832148303530913
-0.01208009870459903
-0.01208009870459903
0.19126822948949093
0.19126822948949093
0.2579963937625161
0.07075486384122531
0.07075486384122531
-0.16164322552344929
-0.16164322552344929
-0.05838714373889686
-0.05838714373889686
0.12080098704599412
0.12080098704599412
0.19615779325087634
0.19615779325087634
-0.01208009870459903
-0.01208009870459903
-0.10383132458000943
-0.10383132458000943
0.08571117652311006
0.08571117652311006
0.2125522129214041
0.2125522129214041
0.13777064951197898
0.13777064951197898
0.07420632061396787
0.07420632061396787
0.3183968872855133
0.3183968872855133
0.4006566070358808
0.4006566070358808
0.45329132282020684
0.45329132282020684
0.27122697805802987
0.27122697805802987
0.3963422860699525
0.3963422860699525
0.5444673059001597
0.513691816343204
0.513691816343204
0.40554617079726624
0.40554617079726624
0.41762626950186565
0.41762626950186565
0.5948010505026573
0.5948010505026573
0.6
0.6
0.47687627743394867
0.47687627743394867
0.24994299462611655
0.24994299462611655
0.4426493311042502
0.4426493311042502
0.5740923098662012
0.5740923098662012
0.42999398960419377
0.42999398960419377
0.1650946822961921
0.1650946822961921
0.19673303604633335
0.19673303604633335
0.34025611351288376
0.34025611351288376
0.3405437349106123
0.3405437349106123
0.0693167568525822
0.0693167568525822
-0.017544905261442367
-0.017544905261442367
0.14007162069380769
0.14007162069380769
0.22578279721691774
0.22319420463736087
0.22319420463736087
0.05320995857978311
0.05320995857978311
0.06989199964803905
0.06989199964803905
0.25483255838750213
0.25483255838750213
0.27554129902395813
0.0
0.0
0.1708471102507633
0.1708471102507633
0.15243934079613558
0.15243934079613558
0.033651703534241274
0.033651703534241274
-0.07737015598898202
-0.07737015598898202
0.008628641931856723
0.008628641931856723
0.16336895390982087
0.16336895390982087
0.16825851767120634
0.16825851767120634
0.16595754648937788
0.16595754648937788
0.12367720102327986
0.12367720102327986
0.08772452630721013
0.08772452630721013
0.06759102846621107
0.06759102846621107
-0.058962386534354316
-0.058962386534354316
-0.2220437190464465
-0.09894176081862385
-0.09894176081862385
0.038828888693355275
0.038828888693355275
-0.07248059222759654
-0.07248059222759654
-0.11504855909142307
-0.11504855909142307
0.0836978267390103
0.0836978267390103
0.3437075702856267
0.3437075702856267
0.4716990922748345
0.4716990922748345
0.3923155865017529
0.3923155865017529
0.2036359495918188
0.2036359495918188
0.38339932317216746
0.38339932317216746
0.4400607385246933
0.4400607385246933
0.328463636206013
0.328463636206013
0.2318228465692176
0.2318228465692176
0.3126444593309425
0.3126444593309425
0.4389102529337791
0.4389102529337791
0.463645693138435
0.463645693138435
0.33479130695604126
0.33479130695604126
0.2551201797852306
0.420214862081423
0.420214862081423
0.5588483757865879
0.5588483757865879
0.4987355036613191
0.4987355036613191
0.19155585088721952
0.19155585088721952
0.2959624182626859
0.2959624182626859
0.3862755371494532
0.3862755371494532
0.314082566319585
0.314082566319585
0.21887988367143246
0.21887988367143246
0.2453410522624598
0.2453410522624598
0.4104357345586518
0.4104357345586518
0.41676340530868006
0.41676340530868006
0.3143701877173136
0.3143701877173136
0.1668204106825635
0.1668204106825635
0.32846363620601293
0.32846363620601293
0.39979374284269514
0.39979374284269514
0.3080425169672854
0.3080425169672854
0.07133010663668227
0.07133010663668227
0.13029249317103667
0.13029249317103667
0.18896725830766248
0.12108860844372282
0.12108860844372282
0.048895637613854834
0.048895637613854834
-0.05148423019341182
-0.05148423019341182
0.1288543861823938
0.1288543861823938
0.23297333216013177
0.23297333216013177
0.12051336564826567
0.12051336564826567
-0.10009224640953808
-0.10009224640953808
-0.040554617079726636
-0.040554617079726636
0.04659466643202634
0.04659466643202634
-0.01150485590914228
-0.01150485590914228
-0.07938350577308192
-0.07938350577308192
-0.07420632061396788
-0.07420632061396788
0.13230584295513653
0.13230584295513653
0.05148423019341179
0.05148423019341179
-0.04803277342066913
-0.04803277342066913
-0.048608016216126246
-0.048608016216126246
0.08110923415945329
0.08110923415945329
0.23843813871697436
0.16336895390982084
0.16336895390982084
0.013805827090970786
0.013805827090970786
0.013230584295513693
0.013230584295513693
0.15876701154616393
0.15876701154616393
0.14352307746655038
0.14352307746655038
0.03825364589789816
0.03825364589789816
-0.02042111923872758
-0.02042111923872758
0.1725728386371346
0.1725728386371346
0.18062623777353423
0.18062623777353423
0.044293695250197926
0.044293695250197926
-0.01150485590914228
-0.01150485590914228
0.12166385123917992
0.12166385123917992
0.30229008901271415
0.30229008901271415
0.18465293734173402
0.18465293734173402
0.10411894597773791
0.10411894597773791
0.0431432096592837
0.0431432096592837
0.1472621556370215
0.1472621556370215
0.21801701947824687
0.21801701947824687
0.14035924209153625
-0.049183259011583366
-0.049183259011583366
0.12454006521646549
0.12454006521646549
0.16423181810300644
0.16423181810300644
0.08024636996626766
0.08024636996626766
0.010066748920499538
0.010066748920499538
0.15215171939840708
0.15215171939840708
0.3750583026380393
0.3750583026380393
0.37707165242213925
0.37707165242213925
0.3670049035016398
0.3670049035016398
0.21974274786461798
0.21974274786461798
0.281581348376258
0.281581348376258
0.4406359813201506
0.4406359813201506
0.0
-0.036815538909255596
-0.029912625363770318
-0.029912625363770318
-0.10929613113685177
-0.10929613113685177
-0.06989199964803988
-0.06989199964803988
0.05407282277296854
0.05407282277296854
0.01639441967052735
0.01639441967052735
-0.04832039481839828
-0.04832039481839828
0.0327888393410557
0.0327888393410557
0.24936775183065912
0.24936775183065912
0.2577087723647875
0.2577087723647875
0.16423181810300608
0.16423181810300608
0.22837138979647437
0.22837138979647437
0.4161881625132225
0.4161881625132225
0.6
0.6
0.5597112399797729
0.5597112399797729
0.33824276372878365
0.47975249141123394
0.47975249141123394
0.6
0.6
0.516855651718218
0.516855651718218
0.35837626156978264
0.35837626156978264
0.29107285450130005
0.29107285450130005
0.41101097735410874
0.41101097735410874
0.5939381863094715
0.5939381863094715
0.5044879316158899
0.5044879316158899
0.22204371904644626
0.22204371904644626
0.37937262360396723
0.37937262360396723
0.5033374460249757
0.5033374460249757
0.3609648541493401
0.3609648541493401
0.26748789988755833
0.26748789988755833
0.30574154578545687
0.30574154578545687
0.41561291971776565
0.41561291971776565
0.5174308945136751
0.5174308945136751
0.40151947122906634
0.40151947122906634
0.2505182374215735
0.5013240962408758
0.5013240962408758
0.5039126888204329
0.5039126888204329
0.5111032237636468
0.5111032237636468
0.28532042654672896
0.28532042654672896
0.35147334802429736
0.35147334802429736
0.4918325901158333
0.4918325901158333
0.4417864669110643
0.4417864669110643
0.3273131506150983
0.3273131506150983
0.2821565911717148
0.2821565911717148
0.40123184983133775
0.40123184983133775
0.5683398819116298
0.5683398819116298
0.6
0.6
0.2758289204216862
0.2758289204216862
0.34600854146745486
0.34600854146745486
0.48262870538851954
0.48262870538851954
0.48032773420669106
0.48032773420669106
0.25885925795570186
0.25885925795570186
0.22607041861464616
0.36786776769482504
0.36786776769482504
0.28100610558080064
0.28100610558080064
0.24936775183065912
0.24936775183065912
0.09060074028449522
0.09060074028449522
0.2441905666715452
0.2441905666715452
0.2887718833194715
0.2887718833194715
0.24994299462611647
0.24994299462611647
0.11562380188687954
0.11562380188687954
0.09577792544360947
0.09577792544360947
0.21399031991004647
0.21399031991004647
0.16969662465984892
0.16969662465984892
0.028474518375126878
0.028474518375126878
-0.04918325901158338
-0.04918325901158338
0.1124599665118659
0.1124599665118659
0.1415097276824503
0.1415097276824503
0.09175122587540957
0.09175122587540957
-0.03365170353424163
-0.03365170353424163
0.0854235551253813
0.0854235551253813
0.22722090420556035
0.07219297082986775
0.07219297082986775
0.08254734114809592
0.08254734114809592
0.005464806556842006
0.005464806556842006
0.14323545606882132
0.14323545606882132
0.12655341500056522
0.12655341500056522
0.0350898105228839
0.0350898105228839
-0.0750691848071538
-0.0750691848071538
0.08657404071629549
0.08657404071629549
0.22204371904644626
0.22204371904644626
0.0037390781704709775
0.0037390781704709775
-0.0048895637613859955
-0.0048895637613859955
0.020133497840998826
0.020133497840998826
0.07161772803441041
0.07161772803441041
0.028762139772855133
0.028762139772855133
-0.05579855115934074
-0.05579855115934074
-0.12942962897785126
-0.12942962897785126
-0.02329733321601346
0.038828888693355046
0.038828888693355046
-0.03393932493197005
-0.03393932493197005
-0.05205947298886909
-0.05205947298886909
0.12195147263690814
0.12195147263690814
0.33306557856966956
0.33306557856966956
0.2841699409558146
0.2841699409558146
0.17947575218262007
0.17947575218262007
0.18436531594400507
0.18436531594400507
0.3917403437062955
0.3917403437062955
0.41992724068369397
0.41992724068369397
0.4006566070358804
0.4006566070358804
0.26403644311481594
0.26403644311481594
0.0
0.0
-0.0011504855909140188
-0.0011504855909140188
0.005464806556841673
0.005464806556841673
-0.012942962897785626
-0.012942962897785626
-0.020996362034184424
-0.020996362034184424
-0.03077548955695608
-0.03077548955695608
-0.03336408213651321
-0.03336408213651321
-0.04112985987518325
-0.04112985987518325
-0.056086172557068825
-0.056086172557068825
-0.05551092976161165
-0.05551092976161165
-0.05896238653435437
-0.05896238653435437
-0.05349757997751203
-0.06327670750028269
-0.06327670750028269
-0.06845389265939694
-0.06845389265939694
-0.06787864986393943
-0.06787864986393943
-0.0629890861025546
-0.0629890861025546
-0.06902913545485378
-0.06902913545485378
-0.07938350577308229
-0.07938350577308229
-0.07363107781851153
-0.07363107781851153
-0.07075486384122498
-0.07075486384122498
-0.07133010663668216
-0.07133010663668216
-0.07679491319352516
-0.07679491319352516
-0.0765072917957964
-0.0765072917957964
-0.07535680620488239
-0.07535680620488239
-0.0678786498639391
-0.0678786498639391
-0.07190534943214
-0.07190534943214
-0.07938350577308162
-0.07938350577308162
-0.07276821362532493
-0.07276821362532493
-0.06902913545485345
-0.06902913545485345
-0.06931675685258287
-0.08082161276172439
-0.08082161276172439
-0.07161772803441091
-0.07161772803441091
-0.07017962104576814
-0.07017962104576814
-0.08283496254582501
-0.08283496254582501
-0.10239321759136633
-0.10239321759136633
-0.10613229576183747
-0.10613229576183747
-0.10009224640953829
-0.10009224640953829
-0.10268083898909575
-0.10268083898909575
-0.11130948092095239
-0.11130948092095239
-0.10814564554593808
-0.10814564554593808
-0.10498181017092412
-0.10498181017092412
-0.10037986780726638
-0.10037986780726638
-0.09376457565951035
-0.09376457565951035
-0.10325608178455292
-0.10325608178455292
-0.08772452630721017
-0.08772452630721017
-0.09318933286405284
-0.09318933286405284
-0.06874151405712503
-0.06874151405712503
-0.05522330836388323
-0.056661415352526334
-0.056661415352526334
-0.08686166211402457
-0.08686166211402457
-0.13863351370516508
-0.13863351370516508
-0.16480706089846342
-0.16480706089846342
-0.18005099497807708
-0.18005099497807708
-0.16739565347802088
-0.16739565347802088
-0.13949637789835034
-0.13949637789835034
-0.10210559619363857
-0.10210559619363857
-0.06442719309119704
-0.06442719309119704
-0.05320995857978361
-0.05320995857978361
-0.0526347157843261
-0.0526347157843261
-0.023872576011470303
-0.023872576011470303
-0.0034514567727430556
-0.0034514567727430556
-0.01639441967052835
-0.01639441967052835
-0.03192597514786977
-0.03192597514786977
-0.050621366000226486
-0.050621366000226486
-0.002013349784099283
-0.002013349784099283
-0.0005752427954571759
-0.008628641931856307
-0.008628641931856307
-0.03422694632969847
-0.03422694632969847
-0.02243446902282753
-0.02243446902282753
-0.02329733321601346
-0.02329733321601346
-0.01898301225008514
-0.01898301225008514
0.02214684762509911
0.02214684762509911
0.03710316030698402
0.03710316030698402
0.043430831057011954
0.043430831057011954
0.010641991715956589
0.010641991715956589
-0.0028762139772852136
-0.0028762139772852136
-0.018120148056899543
-0.018120148056899543
0.0008628641931852643
0.0008628641931852643
0.014668691284156155
0.014668691284156155
0.020133497840998826
0.020133497840998826
0.02847451837512671
0.02847451837512671
0.028186896977398956
0.028186896977398956
-0.0077657777386710425
-0.0077657777386710425
-0.012655341500056538
0.0017257283863711947
0.0017257283863711947
0.01524393407961333
0.01524393407961333
0.014956312681884909
0.014956312681884909
-0.013230584295513381
-0.013230584295513381
0.02358495461374155
0.02358495461374155
0.03969175288654114
0.03969175288654114
0.07420632061396837
0.07420632061396837
0.08456069093219587
0.08456069093219587
0.098078896625438
0.098078896625438
0.0854235551253818
0.0854235551253818
0.09376457565950935
0.09376457565950935
0.10037986780726638
0.10037986780726638
0.09635316823906681
0.09635316823906681
0.0845606909321962
0.0845606909321962
0.08858739050039544
0.08858739050039544
0.09750365382998083
0.09750365382998083
0.0
0.04486893804565498
0.04486893804565498
-0.010354370318227918
-0.010354370318227918
-0.1101589953300377
-0.1101589953300377
-0.0966407896367954
-0.0966407896367954
0.1277039005914794
0.1277039005914794
0.3457209200697263
0.3457209200697263
0.34802189125155486
0.34802189125155486
0.19126822948949077
0.19126822948949077
0.29136047589902897
0.29136047589902897
0.48320394818397694
0.48320394818397694
0.3670049035016397
0.3670049035016397
0.23354857495558895
0.23354857495558895
0.2559830439784162
0.2559830439784162
0.3716068458652966
0.3716068458652966
0.4878058905476338
0.4878058905476338
0.3494599982401975
0.14611167004610728
0.14611167004610728
0.32903887900147
0.32903887900147
0.4225158332632514
0.4225158332632514
0.2183046408759752
0.2183046408759752
0.08110923415945315
0.08110923415945315
0.17631191680760594
0.17631191680760594
0.30602916718318546
0.30602916718318546
0.34600854146745486
0.34600854146745486
0.25885925795570186
0.25885925795570186
0.17544905261442018
0.17544905261442018
0.3575133973765972
0.3575133973765972
0.46076947916114946
0.46076947916114946
0.425967290035994
0.425967290035994
0.2623107147284447
0.2623107147284447
0.44379981669516444
0.44379981669516444
0.553383569229745
0.553383569229745
0.5542464334229307
0.5542464334229307
0.3900146153199243
0.3900146153199243
0.3454332986719978
0.46680952851344915
0.46680952851344915
0.5461930342865311
0.5461930342865311
0.38368694456989594
0.38368694456989594
0.18033861637580567
0.18033861637580567
0.2968252824558715
0.2968252824558715
0.4018070926267951
0.4018070926267951
0.35952674716069716
0.35952674716069716
0.1978835216372478
0.1978835216372478
0.22434469022827488
0.22434469022827488
0.3730449528539394
0.3730449528539394
0.3425570846947122
0.3425570846947122
0.26835076408074426
0.26835076408074426
0.13863351370516483
0.13863351370516483
0.3356541711492269
0.3356541711492269
0.4348835533655792
0.4348835533655792
0.2789927557967009
0.2789927557967009
0.17055948885303476
0.17055948885303476
0.23987624570561714
0.23987624570561714
0.3808107305926105
0.30401581739908545
0.30401581739908545
0.1452488058529217
0.1452488058529217
0.12108860844372263
0.12108860844372263
0.27295270644440134
0.27295270644440134
0.23383619635331762
0.23383619635331762
0.16106798272799236
0.16106798272799236
-0.012655341500056538
-0.012655341500056538
0.14438594165973584
0.14438594165973584
0.19558255045541909
0.19558255045541909
0.10929613113685185
0.10929613113685185
0.03796602450016978
0.03796602450016978
0.028474518375127128
0.028474518375127128
0.22319420463736095
0.22319420463736095
0.15934225434162083
0.15934225434162083
0.05205947298886893
0.05205947298886893
-0.007765777738670959
-0.007765777738670959
0.07506918480715355
0.07506918480715355
0.18465293734173407
0.18465293734173407
0.10153035339818081
-0.014093448488699312
-0.014093448488699312
0.09462743985269562
0.09462743985269562
0.24764202344428818
0.24764202344428818
0.04486893804565498
0.04486893804565498
-0.08714928351175283
-0.08714928351175283
-0.04947088040931197
-0.04947088040931197
0.10958375253458053
0.10958375253458053
0.16193084692117796
0.16193084692117796
0.11821239446643733
0.11821239446643733
-0.01668204106825627
-0.01668204106825627
0.09146360447768132
0.09146360447768132
0.17401094562577732
0.17401094562577732
0.049758501807040556
0.049758501807040556
0.021859226227370437
0.021859226227370437
0.06327670750028269
0.06327670750028269
0.2424648382851741
0.2424648382851741
0.3117815951377565
0.3117815951377565
0.20478643518273315
0.21571604829641824
0.21571604829641824
0.4791772486157771
0.4791772486157771
0.41963961928596555
0.41963961928596555
0.29279858288767174
0.29279858288767174
0.18120148056899144
0.18120148056899144
0.37678403102441044
0.37678403102441044
0.5211699726841466
0.5211699726841466
0.4553046726043068
0.4553046726043068
0.3457209200697263
0.0
0.05106974703079162
0.02605465072922625
-0.0010126931142046738
0.012468243347924166
-0.1049771136312435
-0.048143003164230265
-0.040244187475003294
0.06070243746909244
0.00886525228615317
0.16217452955141448
0.08693085381759252
0.05096032086044866
0.06921991743921183
0.036576010193133175
0.05306262382028916
0.13439571718396703
0.0948492337562914
0.2059394982851634
0.1521668292787189
0.10505360090353266
0.12927794511631968
0.04338726490237801
0.08647354554764418
0.16729529365548707
0.1286639249085718
0.26362834986677647
0.19880244115142975
0.2486366956275154
0.22575885962047992
0.15133394862564586
0.1894963656781639
0.11697007893769899
0.15390906172683577
0.1961456219243981
0.17654486163498656
0.23334845639424892
0.20676171313910108
0.14119318485164595
0.1746983172996558
0.06523641808916364
0.11972156706766557
0.19170513410358253
0.30206239414353
0.23196121230215905
0.25064124061277365
0.2431086884273729
0.18397344704590607
0.2146214852798672
0.12378169100149983
0.1697479561834998
0.20422531358569176
0.1884261000924733
0.269607541066419
0.23101533861096413
0.1533402696902785
0.19266371834165946
0.1498380257644456
0.17209375627543205
0.28789997515494486
0.232187046539924
0.3904349970491295
0.3146744797857922
0.29752666166251807
0.3079863433022914
0.1943467515990192
0.2521023426333351
0.23571335533784346
0.24543533438137735
0.3276488190707728
0.2897350069210629
0.2712363430612215
0.19063352283219703
0.23669578044894615
0.26291662670360294
0.2514541312920784
0.37210947838070335
0.3143755449602059
0.4508321509855655
0.38606397707425666
0.34651189735423404
0.36837648876745877
0.2457218910228881
0.30826147116013336
0.2768629548643136
0.29408162191187015
0.4039639093856683
0.3518816774021031
0.3447755062724052
0.3504651361065367
0.20446130420484432
0.27784457064832047
0.25555556332969637
0.26798566354348347
0.3685362390970294
0.32077703678260794
0.40545504139611566
0.36585752453439013
0.2973507065968008
0.33300896619060194
0.2005258985895068
0.26744695951293324
0.23755131627916906
0.2535825519626722
0.2724655201096717
0.26445027846367297
0.23094573130837492
0.12266753333167557
0.18507287212812734
0.2135151918972828
0.20024031868545986
0.31862435736815437
0.26176813799238363
0.30748386567449215
0.28641546010180535
0.18537210999321277
0.2363245938142582
0.11043631721437304
0.17321426777247215
0.2394611942625864
0.2075685973816041
0.24935838541312033
0.22966809568796812
0.16894307785753848
0.19958235845528122
0.10626687432365799
0.15252030915184644
0.13677985378542765
0.14487250604337154
0.2524179823834595
0.20029697575424854
0.13513032790368218
0.16774986200168768
0.06508099875527931
0.11597454098132957
0.06077362359623348
0.08788011373386666
0.1941506701926435
0.14192604236184178
0.16262974337421282
0.15274444351243965
0.07778207043319169
0.045488617003777536
0.07943931734667338
0.07644501363284108
0.07770002967002157
0.16269330534923618
0.12088786405242287
0.16116449079834497
0.1415623995274253
-0.048718983219547915
0.04368982411884989
-0.004049705742084905
0.018625263924960084
0.10929727178637613
0.06412382926030184
0.08842160671561147
0.07619436838566447
0.029713459827172665
0.052262671303991995
-0.024044646589851025
0.012687885922748388
0.07300053771263401
0.04274756763715659
0.1410413338725004
0.09259027914940482
0.04271954944355298
0.06710726173090578
0.010944784864068129
0.0381669446172877
0.06291850663711217
0.050297392455618234
0.15320329467889549
0.10255945908710458
0.11396809610339895
0.10838146399836149
0.0469679544065902
0.006318008395841471
0.04071924238036216
0.1679505496346864
0.10528761538420658
0.1857519456919638
0.14630162419181736
0.12126280268637886
0.1338809889629365
0.087911484346719
0.11067530394287406
0.22027303370708115
0.16655535290310208
0.2820461027449541
0.22600706650319669
0.2296715538832789
0.2288089238937946
0.1999962017751418
0.21506887636009517
0.0
-0.09834432460090517
-0.08262212886882771
0.23182521183362226
0.18092194139111625
0.10431069199133892
0.11692536235390527
-0.07113849689885385
-0.04039092923502681
-0.1264738236095955
-0.11252679768950818
0.037637443287731345
0.4861062965649632
0.41134019276664713
0.6
0.6
0.5375133695020669
0.5547091220700104
-0.03977743129328903
0.05723406261700753
-0.03911217294161877
-0.023354728596964355
0.04663002376389937
0.03519288978275253
-0.14723824242847328
-0.11749314746951642
-0.05933124106219043
-0.06874658681171746
0.3244655004147569
0.26062646546144697
0.6
0.6
0.6
0.6
0.21265835396268132
0.2982506646873119
0.11682291095140168
0.1465753492945928
0.2658094874663897
0.24677446261251187
0.2103705041558252
0.2165222826182039
0.02808085667309158
0.0589132098087929
-0.06439816548621405
-0.04425905498162684
0.6
0.5277389457844036
0.6
0.6
0.6
0.6
0.6
0.6
0.6
0.6
0.6
0.6
0.6
0.6
0.6
0.38653864544387356
0.4424729205732734
0.6
0.6
0.6
0.6
0.33393192186094395
0.382361931338447
0.042784520392316054
0.09824745727333803
0.32769682035183484
0.29053818974063683
0.6
0.5648831401969494
0.6
0.6
0.4879099238631962
0.5275719623902364
0.31063514365542866
0.3465426227999981
0.6
0.5878541731189052
0.4865903812720665
0.3670169835254407
0.38965906136082745
0.015581255460020309
0.07672349413214895
0.44798345263135697
0.3876050723418276
0.5222264290193813
0.5007341612992479
0.3199485433675615
0.34990015392128054
0.03695930702803329
0.08827577142314974
0.11759353946412562
0.11288546088366887
0.43990525575612044
0.386845238731033
0.25470370285114396
0.27660444173626414
0.1764485395028463
0.1930361129932262
0.05591983928978547
0.07759585439884902
0.37811791818205
0.3293856833377335
0.3153598776450401
0.31797759569939743
0.0233385403329833
0.07165259435175975
-0.18970058927218683
-0.14731705259480504
-0.16982425493210349
-0.16642988520773755
0.19161959227486655
0.13337437659248302
0.24352039601422332
-0.01945007651893115
0.020403844263511682
-0.01745112408029883
-0.011332850288424436
0.328502916125086
0.2734170970866692
0.28282796103308944
0.2815895557460287
0.052507403516834784
0.08994891956774084
-0.15927596684696835
-0.11889688707178149
0.030118342657416704
0.005674353153171566
0.32055120812692806
0.26932169000128164
0.19442229058653193
0.20687167739192833
-0.17002860832353206
-0.10885441695388796
-0.04480738253939377
-0.05535735785305188
0.30432812159342104
0.24563101987064911
0.0828814086458303
0.1091584370516957
-0.06580989079700836
-0.0372030466984351
-0.198971879993887
-0.1728161931062263
-0.011796866011276618
-0.03826843938514508
-0.0010750250147514339
-0.007201316501852351
-0.10748710199655251
-0.09135519525724899
-0.24865516797646106
-0.04504998697052483
-0.07363367490081144
0.22662504369530406
0.17784464792768878
0.2817670037937162
0.2650771828976646
0.037580815767085246
0.07484443087770512
-0.0777333076447253
-0.052852389739691544
0.16393470122235748
0.1285350780992534
0.4149135081124829
0.36841510666944
0.25169446621614444
0.27109896952905255
0.008657938695770202
0.05157444711752171
0.3837386942935866
0.32972428741286935
0.6
0.6
0.6
0.6
0.4046223698506492
0.44321330044494217
0.2571341173538881
0.28744430044958647
0.443718204800798
0.418598255998212
0.3610445459037284
0.37084884139842456
0.08856376081801444
0.1347045629162827
0.0106854798195925
0.03065281288732502
0.36283311707392385
0.4933116633078174
0.46369489875752445
0.0
0.0
-0.14734461828617243
-0.15327469326974358
-0.1517070473058164
-0.48337180789403866
-0.4541758099944592
-0.06160596478580611
-0.09666446424142652
0.5699069703030893
0.5107383683733298
0.6
0.6
0.2559465605472121
0.3009077236850612
0.17366093146143718
0.1850891255460303
0.6
0.6
0.5255255150655567
0.5546878453533599
-0.044882094940014314
0.008213101957258663
-0.2633999194751192
-0.23938948939920235
-0.09523790708199543
-0.10815555714560725
0.5095551642322284
0.45508797563617576
0.5058107325575248
0.5016202535578224
0.18279120998110254
0.21133566845043278
0.24724053241300845
0.2441798077613962
0.5580516918831931
0.5304224505530118
0.5433258768761017
0.5424776181781628
-0.12388344603698503
-0.4035511275524095
-0.37354109018563103
-0.40526598414870946
-0.4027242500722023
0.007733149545809625
-0.028849928078032244
0.08380257384767806
0.07380783102237555
0.3989482655979322
0.370434203489836
0.6
0.6
0.6
0.6
0.6
0.6
0.19003651232289165
0.2836368300670698
0.05116758434196656
0.07182081726932213
0.5152982828303435
0.4759278445221914
0.5193345240934827
0.515756921087532
0.26455067145638805
0.286903793496891
0.03969209516351441
0.061653500140329484
0.6
0.5809146597930573
0.6
0.6
0.6
0.6
0.29615962672998686
0.6
0.6
0.6
0.6
0.6
0.6
0.2861915748109615
0.38771358387777555
-0.12065199732308765
-0.07545014318353528
0.42045394182890067
0.37648431072315125
0.4668587749740521
0.4594013803076881
0.3828112922357159
0.3897959576787634
-0.0584054906405863
-0.01866278367050214
0.36876378137621985
0.33448038955846776
0.6
0.6
0.6
0.6
0.003960654933300452
0.06559112223307134
-0.36819411146401143
-0.3297646324004515
0.011062493513715833
-0.01917183642260623
0.14389975643033634
0.12954710223676036
0.029710468626543977
0.038487843708543676
0.0563916628682978
0.6
0.6
0.6
0.6
0.2489756455149097
0.2982022650833189
-0.6
-0.6
-0.6
-0.6
-0.1610977973576471
-0.20480904756160073
-0.3070592997952123
-0.2981303647646425
-0.17617945874550217
-0.18712738628755168
0.10314399949980907
0.07754560815787823
0.6
0.6
0.6
0.6
0.18462990251871197
0.2463819805629261
-0.3327504677284604
-0.28123118976466704
-0.4108927524757688
-0.39958448178173994
-0.20726186740060684
-0.2243854705820967
-0.06675420264263007
-0.0806778050519394
0.08239397853332525
0.06797698034632516
0.06800197459539709
0.06802693838493074
0.6
0.0942620957907761
0.13553405281851835
-0.5693698480359263
-0.5073606924447673
-0.3717936413216142
-0.3841017186408093
0.16323197940865483
0.11454053513375442
0.6
0.6
0.3961314346136313
0.41564196137101544
-0.12423973000522937
-0.0762887846904213
-0.14163215993724956
-0.13588917190264196
0.08412332042768308
0.06453309476634231
-0.27128820104816276
-0.24157210144917052
-0.6
-0.6
-0.18390594548219436
-0.2242754815714201
0.6
0.6
0.6
0.6
0.6
0.6
0.357076646964549
0.4341733850018162
0.6
0.6
0.6
0.6
0.6
-0.1245961774963727
-0.04028738092656228
-0.24774181852992683
-0.2294197393466591
0.29486044049226623
0.2482612965834775
0.08410278890143341
0.09877493034583468
0.033526093271718765
0.03934893259149255
0.4558920736655122
0.0
0.0
0.08262244475798462
0.07258661860746964
-0.15533144614639732
-0.12759365242467513
-0.38293286146147576
-0.3522705794731652
-0.1656376813898095
-0.18812425588264298
0.44993798142011665
0.37213100413435407
0.6
0.6
0.6
0.6
0.5476269408866121
0.6
0.34919458266303094
0.3846280949892713
0.40938509742343326
0.27060677664851895
0.28735386539189045
-0.384461741010067
-0.3023356192117207
-0.4143069157758324
-0.4009139335337504
0.03948104642113684
-0.014378297350068254
0.358591156483975
0.31358149830122745
0.17609203555399394
0.1930550812817248
0.2016048221741278
0.20072348284096342
0.4894450789793507
0.4543888652404328
0.6
0.6
0.6
0.6
0.14217638674778704
0.22644152179119287
0.02252277502692121
0.04730958833414635
0.37161938247762716
0.3323359767657015
0.20183983647538525
0.21788025724579052
-0.0175125493934469
0.011178312323844305
0.040235091608472336
0.0367202870994748
0.6
0.5623488142229576
0.6
0.6
0.6
0.4262907795055635
0.4729923560899289
0.487862618858897
0.4864346358246871
0.42554207308563685
0.43335678507380004
0.4428478738438446
0.44205173456620206
0.1281866368191247
0.1664443919614778
0.09317142257044249
0.10214419513574644
0.6
0.6
0.5736181424933736
0.5776361281424457
0.334184424205251
0.3640582124714667
0.140875272275496
0.16831204757734936
0.3054451366238642
0.28883758706577145
0.6
0.5715122124361538
0.6
0.6
0.1506364377012557
0.21028796332594424
0.17755207495037745
0.1816659630624019
0.4940393356271457
0.4561209561033464
0.08516984146967538
-0.1613913134256324
-0.12587240093201849
-0.30183491283589603
-0.28067414976342747
0.34620490571118434
0.27000743780770114
0.6
0.6
0.6
0.6
0.3779928775557624
0.4155315510331296
0.343903737180227
0.3529304167750867
0.4517900040473456
0.4401198444339587
0.32943617051929586
0.3432722053472479
-0.36987149340159364
-0.28265701666556026
-0.5765807198036933
-0.5411937826584944
-0.008823045566710028
-0.07423956715737356
-0.24566404253230184
-0.22493516918413112
-0.20373188694885455
-0.20648274638200673
0.06197586521155542
0.029088004799237052
0.48495684084744517
0.42966813095415446
0.6
0.6
0.6
0.6
-0.03877961100034932
-0.09459872777814342
-0.07600359142933721
0.037219346224036096
0.023317738112123322
0.07995850725562945
0.07304891295753145
-0.0027035598002964484
0.006579992454295327
-0.1609834166916695
-0.14063938836300344
0.05125378090700107
0.027813824338052677
0.12693003053199609
0.11519496325615336
-0.36539782518006947
-0.3074276200183632
-0.3535192314406879
-0.3482435013147095
-0.1871997718982101
-0.20697828025707454
0.20540248021594099
0.1549446727113505
0.6
0.5832860614136879
0.5132702006957929
0.5222671359462606
0.22642828715021068
0.2628907342557166
0.27760768715778994
0.27600590015088566
0.23794798369021974
0.24276739306339495
-0.08384774413034307
-0.3866285903846855
-0.3450570752743067
0.00213183698341312
-0.040468395810277516
0.2684892686663733
0.2309612256751125
-0.08799962891675715
-0.04900553668978177
-0.3231334404775156
-0.2897299829960009
-0.12868787621370653
-0.148383734094158
0.368734340040019
0.30569906181753065
0.6
0.6
0.39919989720354754
0.4327349154199503
0.14917396425205304
0.18397821527883196
0.5330737443349611
0.4906826232722088
0.37318825028027397
0.38785453684456556
0.3062331515590643
0.3164650928633202
-0.1475409179029056
-0.0910800945910045
0.13928814504901668
0.11104485430246587
0.5275779050242485
0.47678385576816334
0.48858059387216274
0.4875225339714283
0.0
0.0
-0.07495999378223772
-0.06321476714747089
0.12517507066604838
0.09538804383314886
0.2751206416332601
0.24799116272302715
-0.037369138017864026
0.009340902281570682
-0.05227961262540916
-0.04261133543240966
0.047024582181575104
0.03258165745098241
0.5020967865209407
0.428780375783318
0.40469401371996466
0.41194298763825843
0.1600899691163649
0.20271033258610144
0.11299503808686422
0.12853183160637405
0.24051024850458186
0.5277571356147236
0.48161977831226993
0.42040781602655
0.4337224200444491
0.07446114210544999
0.13409717719328829
0.1250079605264862
0.12725636313866712
0.44349566764560566
0.39505824908313053
0.0762562011730262
0.12881005054057798
-0.09829764270665407
-0.062018241324758035
-0.06564348136634944
-0.06594094025045683
0.07245713019333522
0.050218715596211945
0.550530041568487
0.4734606899526092
0.3487381964407996
0.37168858930190585
0.1739147016271888
0.20756241282527094
0.1775432021388825
0.18352332844956176
0.6
0.5389747726431944
0.595996596102104
0.5910678053114373
0.2676725888690639
0.32238081985024697
0.180637015937175
0.3974281313341833
0.36822256675732695
0.36397916610155684
0.3670696886935645
0.24083256348987794
0.26229089286421003
0.0030293498623073997
0.045052752152571776
0.4551014348092911
0.3907026944734603
0.6
0.6
0.5292297885042168
0.5500606217466344
0.2961489505732717
0.3396489816558239
0.23693108666616702
0.254537487328021
0.38305845654420184
0.36408961405931917
0.4667657517710463
0.45279748658276364
0.16696266376821464
0.21450770817328335
0.09467936836615058
0.11427159589716945
0.4562784510947003
0.40305784141295686
0.6
0.587966763259078
0.3654454000579556
0.40396936402947237
0.22349947578008167
0.25373578057761326
0.4085977723085636
0.6
0.5941672798211695
0.542255119221547
0.5540438257752146
0.12878978530288887
0.1985875802270809
-0.04087789894179365
-0.0029699018197578697
0.21967807786289936
0.18354738585388053
0.26846085487573446
0.2555583810328582
0.09203005458817202
0.11851300089284231
-0.1662438365537027
-0.12215005227126008
0.02243174186422728
-0.0024625412010890746
0.3533378166311792
0.29644796666147555
0.337321436683043
0.3321777464186113
-0.009637324142639514
0.045515796708249734
-0.30849766732229955
-0.2545244142819454
0.08089839468576757
0.02524253968922563
0.12115145282728856
0.10530204027218812
0.1315857556049342
0.12720193562234078
-0.04646697407153317
-0.01931022226224885
0.006096408368885258
0.000838190939678185
0.4356295782292162
0.12277006381753428
0.16249994108382135
0.0750840881866431
0.08896524389825086
0.05003939247537986
0.05572407395786427
0.3149486185218997
0.2739016314778787
0.6
0.6
0.42742728681844055
0.4602002758484405
0.10031138596370395
0.15932865566378435
0.0717919463076988
0.08559038312549916
0.3063328660208347
0.27144102075734516
-0.012286548006418992
0.03300349841355624
-0.29065778062284997
-0.24091351131708538
-0.432073857612047
-0.4053975836853374
-0.17258742100901653
-0.21330471335597032
0.043023460846858194
0.0001183837844012936
-0.3554776000280095
-0.30072403639397627
-0.16478691016247315
-0.18957430451466661
0.12881321238568808
0.07735875300327268
0.5993308226356033
0.5173397144253844
0.49259617113489024
0.27484871820036494
0.31275029292365764
0.023079305044409824
0.06936781174210485
0.3284165797345405
0.2873650168254499
0.21714715293562942
0.22936487329109845
0.10797584359230265
0.12771108238026552
-0.01799204578450818
0.004644855638282874
0.3868590484170271
0.3262460449750085
0.6
0.6
0.3614541496643199
0.4167510605258994
0.3316558085630917
0.34728588249260456
0.1503748311696697
0.18291240428821476
0.3463862641019337
0.32105527490258423
0.40511548240380546
0.39357705855968406
0.23150421672981408
0.2589432624325664
0.12074825880197582
0.14327121820062563
0.0
0.0
9.630698054128004e-05
4.902409858256073e-05
0.0013576051402048447
0.0007155533010732721
0.0013544572010481106
0.0010474019312756689
-0.00020912925953539508
0.00041051727636829316
0.0007312427184876494
0.0005767784172511028
0.001729841800917746
0.003976991817647575
0.0026170338054530284
0.0031341345619250597
0.0029001183667630723
0.0020761475503476554
0.0025014701629956205
0.001906348520350504
0.002215079103194241
0.003502321438539035
0.0028961718182828654
0.00569779112573249
0.0043476024946435
0.003850938297077434
0.004127115686649648
0.0022985898406665175
0.0032252295660542643
0.004252919511214352
0.0037764992354166966
0.007324504503564781
0.005610586105239837
0.004664825454977286
0.005169241980702985
0.0029454626487483
0.004068578195879048
0.005576709780545529
0.004866671240786075
0.006874496276265569
0.005927670511835224
0.006385627297601613
0.006202840192463064
0.0049059465867428145
0.005839820855029972
0.005741133146064298
0.007524324297555004
0.0066891107316627545
0.009616469117546654
0.008225631342439976
0.008110558148373994
0.008223866056726337
0.006486023080246933
0.007394497629181226
0.009253690048016733
0.008390020159088633
0.011415547164395573
0.009987165310111588
0.009918481406954203
0.010019707319489545
0.009115041634077167
0.009623328685924977
0.011133070582788712
0.01045553339931787
0.013005669039002564
0.011825435565726216
0.013395655735768059
0.01271020759448212
0.011642921765811928
0.012249168792171593
0.0120453638893267
0.012227439637861541
0.014830574537795993
0.01363727254467179
0.016494321585670935
0.01518584265167762
0.013978794980307362
0.014102435944584487
0.014441470164291686
0.016783234230721856
0.01572985689431288
0.018323379993880697
0.017153272490096013
0.01683408833300734
0.017102107316511066
0.016528112662621632
0.016919469772224315
0.017681109759830622
0.01741485159029708
0.018546153043160964
0.018101438688475954
0.02056052336776754
0.019471647564757603
0.018745706936518284
0.01922462230788653
0.017933107389313616
0.01866598597172732
0.020801059234112813
0.01986755443758523
0.02218123543997277
0.021168422950927208
0.020691430820082637
0.021056488885564512
0.01998158312029536
0.02063729800565551
0.021863214861702895
0.021390622492478684
0.023213899864824746
0.02247003603085102
0.023335214791707696
0.02192321664517562
0.022567780593560342
0.021363177362655715
0.0220873008569252
0.023518209737221494
0.02294572144818569
0.024866464120784963
0.024064379975520852
0.022633842629239606
0.02347691328367632
0.021424473033927402
0.022563694768000443
0.0237806714666604
0.023310747193880807
0.02509243826798111
0.024357627804754624
0.023998778221473407
0.02431335995318023
0.02219419704900831
0.023371103311185377
0.023198864469782966
0.023411081710033137
0.02456678409479756
0.024127483008388625
0.02532516862727035
0.024872658573237807
0.023578644047163626
0.02434886831730946
0.023335589865880448
0.02395938763330827
0.024895903783028014
0.024562799675776043
0.027026734010074382
0.025742783906609407
0.02593892131551262
0.023617689745538933
0.02488790338612007
0.025962762180761628
0.025565791494960632
0.02751625820595802
0.02669119756136426
0.027285815152233578
0.027134413442679424
0.025593592232529123
0.02648774342515676
0.02641009462428729
0.02658445976417706
0.028041732164379298
0.02746524113505097
0.029054292599323024
0.028416717488504363
0.027412692371749238
0.028052513987258394
0.02704071046334681
0.027679402689636475
0.02874111914368802
0.028360857296186266
0.030319935646647
0.029499086269788873
0.029949766840776777
0.029876183897058678
0.02787221640270096
0.028984655975940844
0.030144026789794342
0.02971557432394579
0.031003188422511135
0.032303720916441674
0.03153103939728211
0.030680816384952667
0.03125230602823252
0.029639874893292437
0.03057987442171011
0.03270411662063288
0.03180678365282612
0.0340628509737288
0.03312025614864433
0.03119797337974883
0.032301923742920624
0.031189182054648365
0.03189024077180541
0.030901926908997946
0.03154602513642364
0.031239953019549
0.031535083438463285
0.02804621189228938
